spawns:
  default:
    world: 327dfebf-64dc-414b-8310-9f7cb3428812
    world-name: Stratos
    x: 53.48660794898898
    y: 148.0
    z: -45.37154030977522
    yaw: 18.87353515625
    pitch: -0.18043796718120575
