all:
  world: world
  x: 1.4879732569964577
  y: 100.0
  z: 1.5327646162795474
  yaw: 89.70020294189453
  pi: 1.1997835636138916
lobby:
  world: world
  x: 1.4879732569964577
  y: 100.0
  z: 1.5327646162795474
  yaw: 89.70020294189453
  pi: 1.1997835636138916
